{
  "Double1": "",
  "Double2": 0.0,
  "Double3": -5.0,
  "Double4": 5.0,
  "Double5": -1.7976931348623157E+308,
  "Double6": 1.7976931348623157E+308
}