Float1: {}
Float2: 0
Float3: -5
Float4: 5
Float5: -3.4028235E+38
Float6: 3.4028235E+38
Float7: NaN
