P3Float1: {}
P3Float2: 0, 0, 0
P3Float3: 1, -3, 0
P3Float4: 3.4028235E+38, 3.4028235E+38, 3.4028235E+38
P3Float5: -3.4028235E+38, -3.4028235E+38, -3.4028235E+38
P3Float6: NaN, NaN, NaN
