TimeOnly1: {}
TimeOnly2: 04:14:00.0000000
TimeOnly3: 04:14:14.0000000
TimeOnly4: 17:14:14.0340120
TimeOnly5: 00:00:00.0000000
TimeOnly6: 23:59:59.9999999
