P2Float1: {}
P2Float2: 0, 0
P2Float3: 1, -3
P2Float4: 3.4028235E+38, 3.4028235E+38
P2Float5: -3.4028235E+38, -3.4028235E+38
