{
  "Name1": "",
  "Name2": 0.0,
  "Name3": -5.0,
  "Name4": 5.0,
  "Name5": -3.4028235E+38,
  "Name6": 3.4028235E+38
}