{
  "Name1": 0.0,
  "Name2": -5.0,
  "Name3": 5.0,
  "Name4": -3.4028235E+38,
  "Name5": 3.4028235E+38
}