Name1: ''
Name2: 0
Name3: -5
Name4: 5
Name5: -3.4028235E+38
Name6: 3.4028235E+38
