Name1: 0
Name2: -5
Name3: 5
Name4: -3.4028235E+38
Name5: 3.4028235E+38
